10
18 3 2 10 2 8 10 3 7 18 
3 19 4 1 12 20 19 20 5 12 
2 4 12 5 17 19 19 10 17 8 
10 1 5 3 9 7 7 8 16 2 
2 12 17 9 3 9 1 20 16 2 
8 20 19 7 9 8 9 17 10 18 
10 19 19 7 1 9 12 17 16 2 
3 20 10 8 20 17 17 10 15 7 
7 5 17 16 16 10 16 15 7 4 
18 12 8 2 2 18 2 7 4 1 
410 526 574 265 332 540 446 606 552 263 
